==============================================================================
TEST 24: INCREMENTAL EVENT-TOTAL HYPOTHESIS
==============================================================================
Hypothesis: target(N) = N * mean_gap,  predicted_next = N*mean - cum_so_far


===== Islam =====
  gaps=119  global_mean=106.6  median=95  range=[3, 443]
  session 0: 83 gaps  mean=99.8  total_spins=8286
    corr(pred, actual)=+0.233  MAE=233.2 spins
      n  actual  predict  cum_bef   target  dev_bef  dev_aft
      1      82     99.8        0      100     +0.0    -17.8
      2     146    117.7       82      200    -17.8    +28.3
      3      21     71.5      228      299    +28.3    -50.5
      4      59    150.3      249      399    -50.5    -91.3
      5     149    191.2      308      499    -91.3    -42.2
      6      46    142.0      457      599    -42.2    -96.0
      7      87    195.8      503      699    -96.0   -108.8
      8     151    208.7      590      799   -108.8    -57.7
      9      93    157.5      741      898    -57.7    -64.5
     10      49    164.3      834      998    -64.5   -115.3
     11     129    215.1      883     1098   -115.3    -86.1
     12     136    186.0     1012     1198    -86.1    -50.0
     13      19    149.8     1148     1298    -50.0   -130.8
     14     132    230.6     1167     1398   -130.8    -98.6
     15      71    198.5     1299     1497    -98.6   -127.5
     16     136    227.3     1370     1597   -127.5    -91.3
     17      68    191.1     1506     1697    -91.3   -123.1
     18      65    223.0     1574     1797   -123.1   -158.0
    ... (65 more)
  session 1: 36 gaps  mean=122.2  total_spins=4401
    corr(pred, actual)=+0.167  MAE=374.3 spins
      n  actual  predict  cum_bef   target  dev_bef  dev_aft
      1      69    122.2        0      122     +0.0    -53.2
      2      66    175.5       69      244    -53.2   -109.5
      3      95    231.8      135      367   -109.5   -136.8
      4     112    259.0      230      489   -136.8   -147.0
      5     146    269.2      342      611   -147.0   -123.2
      6     107    245.5      488      734   -123.2   -138.5
      7      32    260.8      595      856   -138.5   -228.8
      8     166    351.0      627      978   -228.8   -185.0
      9      49    307.2      793     1100   -185.0   -258.2
     10     156    380.5      842     1222   -258.2   -224.5
     11      47    346.8      998     1345   -224.5   -299.8
     12      70    422.0     1045     1467   -299.8   -352.0
     13     152    474.2     1115     1589   -352.0   -322.2
     14      52    444.5     1267     1712   -322.2   -392.5
     15     103    514.8     1319     1834   -392.5   -411.8
     16     159    534.0     1422     1956   -411.8   -375.0
     17      48    497.2     1581     2078   -375.0   -449.2
     18      77    571.5     1629     2200   -449.2   -494.5
    ... (18 more)

===== Nick =====
  gaps=25  global_mean=122.4  median=116  range=[18, 340]
  session 0: 18 gaps  mean=129.9  total_spins=2338
    corr(pred, actual)=+0.575  MAE=60.6 spins
      n  actual  predict  cum_bef   target  dev_bef  dev_aft
      1      84    129.9        0      130     +0.0    -45.9
      2      85    175.8       84      260    -45.9    -90.8
      3     197    220.7      169      390    -90.8    -23.7
      4     219    153.6      366      520    -23.7    +65.4
      5     136     64.4      585      649    +65.4    +71.6
      6     116     58.3      721      779    +71.6    +57.7
      7     139     72.2      837      909    +57.7    +66.8
      8      19     63.1      976     1039    +66.8    -44.1
      9     110    174.0      995     1169    -44.1    -64.0
     10     163    193.9     1105     1299    -64.0    -30.9
     11      19    160.8     1268     1429    -30.9   -141.8
     12     250    271.7     1287     1559   -141.8    -21.7
     13     154    151.6     1537     1689    -21.7     +2.4
     14      18    127.4     1691     1818     +2.4   -109.4
     15      40    239.3     1709     1948   -109.4   -199.3
     16     340    329.2     1749     2078   -199.3    +10.8
     17      90    119.1     2089     2208    +10.8    -29.1
     18     159    159.0     2179     2338    -29.1     +0.0
  session 1: 7 gaps  mean=103.0  total_spins=721
    corr(pred, actual)=+0.668  MAE=25.3 spins
      n  actual  predict  cum_bef   target  dev_bef  dev_aft
      1     133    103.0        0      103     +0.0    +30.0
      2     103     73.0      133      206    +30.0    +30.0
      3      76     73.0      236      309    +30.0     +3.0
      4     122    100.0      312      412     +3.0    +22.0
      5     149     81.0      434      515    +22.0    +68.0
      6      64     35.0      583      618    +68.0    +29.0
      7      74     74.0      647      721    +29.0     +0.0

===== Ahmed =====
  gaps=127  global_mean=101.5  median=103  range=[10, 260]
  session 0: 77 gaps  mean=98.3  total_spins=7571
    corr(pred, actual)=+0.493  MAE=37.3 spins
      n  actual  predict  cum_bef   target  dev_bef  dev_aft
      1     147     98.3        0       98     +0.0    +48.7
      2     132     49.6      147      197    +48.7    +82.4
      3      29     16.0      279      295    +82.4    +13.0
      4      11     85.3      308      393    +13.0    -74.3
      5      55    172.6      319      492    -74.3   -117.6
      6     120    215.9      374      590   -117.6    -95.9
      7     135    194.3      494      688    -95.9    -59.3
      8     125    157.6      629      787    -59.3    -32.6
      9      10    130.9      754      885    -32.6   -120.9
     10     250    219.2      764      983   -120.9    +30.8
     11      57     67.6     1014     1082    +30.8    -10.6
     12      13    108.9     1071     1180    -10.6    -95.9
     13     127    194.2     1084     1278    -95.9    -67.2
     14      78    165.5     1211     1377    -67.2    -87.5
     15      59    185.9     1289     1475    -87.5   -126.9
     16     153    225.2     1348     1573   -126.9    -72.2
     17      90    170.5     1501     1672    -72.2    -80.5
     18     154    178.8     1591     1770    -80.5    -24.8
    ... (59 more)
  session 1: 50 gaps  mean=106.3  total_spins=5314
    corr(pred, actual)=+0.273  MAE=86.7 spins
      n  actual  predict  cum_bef   target  dev_bef  dev_aft
      1      20    106.3        0      106     +0.0    -86.3
      2     134    192.6       20      213    -86.3    -58.6
      3     124    164.8      154      319    -58.6    -40.8
      4      78    147.1      278      425    -40.8    -69.1
      5      57    175.4      356      531    -69.1   -118.4
      6     176    224.7      413      638   -118.4    -48.7
      7     105    155.0      589      744    -48.7    -50.0
      8      85    156.2      694      850    -50.0    -71.2
      9     118    177.5      779      957    -71.2    -59.5
     10      35    165.8      897     1063    -59.5   -130.8
     11     157    237.1      932     1169   -130.8    -80.1
     12      25    186.4     1089     1275    -80.1   -161.4
     13     133    267.6     1114     1382   -161.4   -134.6
     14      86    240.9     1247     1488   -134.6   -154.9
     15     260    261.2     1333     1594   -154.9     -1.2
     16      75    107.5     1593     1700     -1.2    -32.5
     17     117    138.8     1668     1807    -32.5    -21.8
     18      79    128.0     1785     1913    -21.8    -49.0
    ... (32 more)

==============================================================================
BETTING SIM - what happens if we actually bet on the predicted length?
==============================================================================

----- Islam (global_mean=106.6) -----
  strategy        win  catches   bets   mb/hit   rate
  global_mean      10        0     42     42.0   0.0%
  global_mean      15        1     62     62.0   4.3%
  global_mean      20        1     77     77.0   4.3%
  global_mean      25        1     92     92.0   4.3%
  global_mean      30        1    107    107.0   4.3%
  session_mean     10        2     43     21.5   5.6%
  session_mean     15        2     63     31.5   5.6%
  session_mean     20        3     87     29.0   8.3%
  session_mean     25        3    113     37.7   8.3%
  session_mean     30        6    147     24.5  16.7%
  fixed_100        10        4    145     36.2   6.5%
  fixed_100        15        7    219     31.3  11.3%
  fixed_100        20        9    299     33.2  14.5%
  fixed_100        25        9    384     42.7  14.5%
  fixed_100        30       12    474     39.5  19.4%
  fixed_105        10        0     42     42.0   0.0%
  fixed_105        15        0     62     62.0   0.0%
  fixed_105        20        1     80     80.0   3.2%
  fixed_105        25        1     95     95.0   3.2%
  fixed_105        30        1    110    110.0   3.2%
  fixed_110        10        1     40     40.0   6.7%
  fixed_110        15        1     55     55.0   6.7%
  fixed_110        20        1     70     70.0   6.7%
  fixed_110        25        1     85     85.0   6.7%
  fixed_110        30        1    100    100.0   6.7%
  fixed_120        10        0     21     21.0   0.0%
  fixed_120        15        1     35     35.0  11.1%
  fixed_120        20        1     50     50.0  11.1%
  fixed_120        25        1     65     65.0  11.1%
  fixed_120        30        1     80     80.0  11.1%

----- Nick (global_mean=122.4) -----
  strategy        win  catches   bets   mb/hit   rate
  global_mean      10        3    133     44.3  18.8%
  global_mean      15        3    198     66.0  18.8%
  global_mean      20        3    263     87.7  18.8%
  global_mean      25        3    328    109.3  18.8%
  global_mean      30        4    396     99.0  25.0%
  session_mean     10        4    197     49.2  20.0%
  session_mean     15        4    287     71.8  20.0%
  session_mean     20        4    377     94.2  20.0%
  session_mean     25        6    467     77.8  30.0%
  session_mean     30        8    560     70.0  40.0%
  fixed_100        10        0    126    126.0   0.0%
  fixed_100        15        1    183    183.0  14.3%
  fixed_100        20        1    238    238.0  14.3%
  fixed_100        25        2    289    144.5  28.6%
  fixed_100        30        2    339    169.5  28.6%
  fixed_105        10        1    113    113.0  12.5%
  fixed_105        15        3    169     56.3  37.5%
  fixed_105        20        3    224     74.7  37.5%
  fixed_105        25        3    279     93.0  37.5%
  fixed_105        30        4    330     82.5  50.0%
  fixed_110        10        1     89     89.0  11.1%
  fixed_110        15        2    137     68.5  22.2%
  fixed_110        20        4    186     46.5  44.4%
  fixed_110        25        4    236     59.0  44.4%
  fixed_110        30        4    286     71.5  44.4%
  fixed_120        10        2    129     64.5  13.3%
  fixed_120        15        2    189     94.5  13.3%
  fixed_120        20        3    253     84.3  20.0%
  fixed_120        25        4    318     79.5  26.7%
  fixed_120        30        4    378     94.5  26.7%

----- Ahmed (global_mean=101.5) -----
  strategy        win  catches   bets   mb/hit   rate
  global_mean      10        0    126    126.0   0.0%
  global_mean      15        0    186    186.0   0.0%
  global_mean      20        3    258     86.0   4.8%
  global_mean      25        3    333    111.0   4.8%
  global_mean      30        5    417     83.4   7.9%
  session_mean     10       14    814     58.1  14.4%
  session_mean     15       21   1196     57.0  21.6%
  session_mean     20       28   1577     56.3  28.9%
  session_mean     25       34   1966     57.8  35.1%
  session_mean     30       38   2357     62.0  39.2%
  fixed_100        10        2     76     38.0   2.3%
  fixed_100        15        5    125     25.0   5.7%
  fixed_100        20        5    170     34.0   5.7%
  fixed_100        25        7    224     32.0   8.0%
  fixed_100        30        8    281     35.1   9.1%
  fixed_105        10        1     95     95.0   3.4%
  fixed_105        15        2    144     72.0   6.9%
  fixed_105        20        3    192     64.0  10.3%
  fixed_105        25        4    234     58.5  13.8%
  fixed_105        30        5    279     55.8  17.2%
  fixed_110        10        2    169     84.5   4.7%
  fixed_110        15        3    245     81.7   7.0%
  fixed_110        20        3    320    106.7   7.0%
  fixed_110        25        4    399     99.8   9.3%
  fixed_110        30        5    480     96.0  11.6%
  fixed_120        10        0     21     21.0   0.0%
  fixed_120        15        0     31     31.0   0.0%
  fixed_120        20        0     41     41.0   0.0%
  fixed_120        25        0     51     51.0   0.0%
  fixed_120        30        0     61     61.0   0.0%

==============================================================================
COMPARISON: fixed target vs incremental target
==============================================================================
Fixed 3-gap rolling target (300) was found earlier to catch 23-30/gaps at 41-54 mb/hit.
If incremental hypothesis is better, we should see LOWER mb/hit OR HIGHER catch count.


===== POOLED (all 3 accounts) =====
  strategy        win  catches   bets   mb/hit   rate
  global_mean      10        3    301    100.3   2.9%
  global_mean      15        4    446    111.5   3.9%
  global_mean      20        7    598     85.4   6.9%
  global_mean      25        7    753    107.6   6.9%
  global_mean      30       10    920     92.0   9.8%
  session_mean     10       20   1054     52.7  13.1%
  session_mean     15       27   1546     57.3  17.6%
  session_mean     20       35   2041     58.3  22.9%
  session_mean     25       43   2546     59.2  28.1%
  session_mean     30       52   3064     58.9  34.0%
  fixed_100        10        6    347     57.8   3.8%
  fixed_100        15       13    527     40.5   8.3%
  fixed_100        20       15    707     47.1   9.6%
  fixed_100        25       18    897     49.8  11.5%
  fixed_100        30       22   1094     49.7  14.0%
  fixed_105        10        2    250    125.0   2.9%
  fixed_105        15        5    375     75.0   7.4%
  fixed_105        20        7    496     70.9  10.3%
  fixed_105        25        8    608     76.0  11.8%
  fixed_105        30       10    719     71.9  14.7%
  fixed_110        10        4    298     74.5   6.0%
  fixed_110        15        6    437     72.8   9.0%
  fixed_110        20        8    576     72.0  11.9%
  fixed_110        25        9    720     80.0  13.4%
  fixed_110        30       10    866     86.6  14.9%
  fixed_120        10        2    171     85.5   6.5%
  fixed_120        15        3    255     85.0   9.7%
  fixed_120        20        4    344     86.0  12.9%
  fixed_120        25        5    434     86.8  16.1%
  fixed_120        30        5    519    103.8  16.1%