==============================================================================================================
PLAY-BY-PLAY: Ahmed session 0, pure_ensemble, scenario A
  Started with 100,000 spins | 6,586 in-event spins available
  gae_last_mission=100
==============================================================================================================

FINAL: DATA_EXHAUSTED
  missions cleared:   16/22
  total pulls:        6,586
  bumped pulls (>1x): 169
  catches on bumps:   12
  total cost:         1,020,417
  total acc points:   1,058,355
  rewards earned:     1,427,920
  final bankroll:     507,503
  stuck on mission 17: 173,833 / 300,000 (57.9%)

--- ALL 169 BUMPED PULLS (bet > 1) ---
   #  spin    bet acc trip       pts  prev_t sa_sp sa_acc  l10 rules                            clears                   bkr_after
--------------------------------------------------------------------------------------------------------------
 173   172  6,000   0              0   steal   130     38   17 steal_t130,dg_t130                                           93,948
 174   173  6,000   0              0   steal   131     38   17 steal_t130,dg_t130                                           87,948
 175   174  6,000   3  YES    60,000   steal   132     41   15 steal_t130,dg_t130               8xM (chain)                164,748
 321   320  6,000   0              0   steal    73     25   11 steal_t65                                                   158,603
 322   321  6,000   2         12,000   steal    74     27   10 steal_t65                        M10                        212,603
 323   322  6,000   2         12,000   steal    75     29   10 steal_t65                                                   206,603
 324   323  6,000   0              0   steal    76     29   12 steal_t65                                                   200,603
 325   324  6,000   0              0   steal    77     29   12 steal_t65                                                   194,603
 342   341  6,000   0              0   steal    94     38   18 steal_t65                                                   188,587
 343   342  6,000   1          6,000   steal    95     39   16 steal_t65                                                   182,587
 344   343  6,000   0              0   steal    96     39   14 steal_t65                                                   176,587
 350   349  6,000   0              0   steal   102     41   16 steal_t65                                                   170,582
 468   467  6,000   0              0   steal   100     32   10 early_s                                                     164,465
 498   497  6,000   2         12,000   steal   130     45   14 steal_t130,dg_t130                                          158,436
 499   498  6,000   0              0   steal   131     45   13 steal_t130,dg_t130                                          152,436
 500   499  6,000   0              0   steal   132     45   13 steal_t130,dg_t130                                          146,436
 501   500  6,000   0              0   steal   133     45   11 steal_t130,dg_t130                                          140,436
 502   501  6,000   1          6,000   steal   134     46   11 steal_t130,dg_t130                                          134,436
 593   592  6,000   0              0   steal    71     18    9 early_s                                                     128,346
 594   593  6,000   2         12,000   steal    72     20    8 early_s                          M11                        207,346
 595   594  6,000   0              0   steal    73     20   10 early_s                                                     201,346
 596   595  6,000   0              0   steal    74     20    8 early_s                                                     195,346
 597   596  6,000   1          6,000   steal    75     21    9 early_s                                                     189,346
 598   597  6,000   0              0   steal    76     21   10 early_s                                                     183,346
 599   598  6,000   0              0   steal    77     21   10 early_s                                                     177,346
 681   680  6,000   2         12,000   steal    69     24   14 steal_t65                                                   171,265
 682   681  6,000   0              0   steal    70     24   15 steal_t65                                                   165,265
 742   741  6,000   0              0  attack   130     39   22 dg_t130                                                     159,206
 743   742  6,000   0              0  attack   131     39   19 dg_t130                                                     153,206
 744   743  6,000   0              0   steal   132     39   20 steal_t130,dg_t130                                          147,206
 745   744  6,000   0              0   spins   133     39   21 dg_t130                                                     141,206
 746   745  6,000   0              0   spins   134     39   18 dg_t130                                                     135,206
 747   746  6,000   0              0   spins   135     39   19 dg_t130                                                     129,206
 748   747  6,000   0              0   spins   136     39   19 dg_t130                                                     123,206
 749   748  6,000   0              0   spins   137     39   19 dg_t130                                                     117,206
 750   749  6,000   0              0   spins   138     39   19 dg_t130                                                     111,206
 751   750  6,000   0              0   spins   139     39   19 dg_t130                                                     105,206
 757   756  6,000   2         12,000  shield   145     42   16 dg_t130                                                      99,201
 758   757  6,000   0              0  shield   146     42   16 dg_t130                                                      93,201
 759   758  6,000   0              0  shield   147     42   15 dg_t130                                                      87,201
 760   759  6,000   2         12,000  shield   148     44   15 dg_t130                                                      81,201
 761   760  6,000   0              0  shield   149     44   15 dg_t130                                                      75,201
 762   761  6,000   1          6,000  shield   150     45   15 shield_t150,dg_t130                                          69,201
 763   762  6,000   0              0  shield   151     45   15 dg_t130                                                      63,201
 764   763  6,000   0              0  shield   152     45   14 dg_t130                                                      57,201
 765   764  6,000   2         12,000  shield   153     47   16 shield_t150,dg_t130                                          51,201
 766   765  6,000   3  YES    60,000  shield   154     50   15 shield_t150,dg_t130              M12                        170,201
1170  1169  6,000   0              0  shield    70     22   10 early_s                                                     163,798
1388  1387  6,000   2         12,000  attack   141     40   19 dg_t130                                                     157,581
1389  1388  6,000   0              0  attack   142     40   18 dg_t130                                                     151,581
1824  1823  6,000   3  YES    60,000  attack   147     42   17 dg_t130                          M13                        320,147
1886  1885  6,000   0              0  shield    62     22   10 early_s                                                     314,086
1887  1886  6,000   0              0  shield    63     22    8 early_s                                                     308,086
1888  1887  6,000   1          6,000  shield    64     23    8 early_s                                                     302,086
1889  1888  6,000   0              0  shield    65     23    9 early_s                                                     296,086
1890  1889  6,000   0              0  shield    66     23   10 early_s                                                     290,086
2384  2383  6,000   0              0  shield   150     49   16 shield_t150                                                 283,593
2385  2384  6,000   3  YES    60,000   steal   151     52   17 steal_t130,steal_t150                                       277,593
2460  2459  6,000   0              0  attack    75     14    8 early_s                                                     271,519
2466  2465  6,000   0              0   spins    81     18    9 early_s                                                     265,514
2487  2486  6,000   2         12,000  attack   102     23   10 early_s                                                     259,494
2685  2684  6,000   0              0   steal   130     40   16 steal_t130,dg_t130                                          253,297
2686  2685  6,000   0              0   steal   131     40   17 steal_t130,dg_t130                                          247,297
2687  2686  6,000   0              0  shield   132     40   18 dg_t130                                                     241,297
2688  2687  6,000   0              0  shield   133     40   18 dg_t130                                                     235,297
2689  2688  6,000   0              0  shield   134     40   21 dg_t130                                                     229,297
2690  2689  6,000   1          6,000  shield   135     41   19 dg_t130                                                     223,297
2691  2690  6,000   2         12,000  shield   136     43   19 dg_t130                                                     217,297
2692  2691  6,000   0              0  shield   137     43   19 dg_t130                                                     211,297
2693  2692  6,000   0              0  shield   138     43   20 dg_t130                                                     205,297
2694  2693  6,000   0              0  shield   139     43   20 dg_t130                                                     199,297
2695  2694  6,000   0              0  shield   140     43   19 dg_t130                                                     193,297
2696  2695  6,000   0              0  shield   141     43   17 dg_t130                                                     187,297
2697  2696  6,000   0              0  shield   142     43   16 dg_t130                                                     181,297
2698  2697  6,000   0              0  shield   143     43   15 dg_t130                                                     175,297
2699  2698  6,000   0              0  shield   144     43   14 dg_t130                                                     169,297
2700  2699  6,000   0              0  shield   145     43   15 dg_t130                                                     163,297
2701  2700  6,000   0              0  attack   146     43   17 dg_t130                                                     157,297
2702  2701  6,000   0              0  attack   147     43   17 dg_t130                                                     151,297
2703  2702  6,000   0              0  attack   148     43   15 dg_t130                                                     145,297
2704  2703  6,000   0              0  attack   149     43   15 dg_t130                                                     139,297
2705  2704  6,000   0              0  attack   150     43   15 dg_t130                                                     133,297
2706  2705  6,000   0              0  attack   151     43   18 dg_t130                                                     127,297
2707  2706  6,000   0              0  attack   152     43   16 dg_t130                                                     121,297
2708  2707  6,000   0              0  attack   153     43   17 dg_t130                                                     115,297
3212  3211  6,000   2         12,000   steal    66     23   22 steal_t65                                                   108,794
3213  3212  6,000   0              0   steal    67     23   23 steal_t65                                                   102,794
3216  3215  6,000   1          6,000   steal    70     24   20 steal_t65                                                    96,792
3249  3248  6,000   1          6,000   steal   103     29   10 early_s                                                      90,760
3277  3276  6,000   0              0  shield   131     37   17 dg_t130                                                      84,733
3278  3277  6,000   2         12,000  shield   132     39   17 dg_t130                          M14                        328,733
3279  3278  6,000   0              0  shield   133     39   18 dg_t130                                                     322,733
3286  3285  6,000   0              0  shield   140     41    9 quiet_zone                                                  316,727
3417  3416  6,000   0              0   spins   130     39   21 dg_t130                                                     310,597
3418  3417  6,000   0              0  shield   131     39   21 dg_t130                                                     304,597
3419  3418  6,000   0              0  shield   132     39   22 dg_t130                                                     298,597
3420  3419  6,000   0              0  shield   133     39   22 dg_t130                                                     292,597
3421  3420  6,000   0              0  shield   134     39   22 dg_t130                                                     286,597
3422  3421  6,000   0              0  shield   135     39   23 dg_t130                                                     280,597
3423  3422  6,000   0              0  shield   136     39   21 dg_t130                                                     274,597
3424  3423  6,000   3  YES    60,000  shield   137     42   19 dg_t130                                                     268,597
3750  3749  6,000   2         12,000  shield    70     24   10 early_s                                                     262,272
3752  3751  6,000   0              0  shield    72     25    9 early_s                                                     256,271
3753  3752  6,000   0              0  shield    73     25   10 early_s                                                     250,271
3754  3753  6,000   0              0  shield    74     25   10 early_s                                                     244,271
3756  3755  6,000   0              0  shield    76     25   10 early_s                                                     238,270
3810  3809  6,000   0              0   steal   130     41   16 steal_t130,dg_t130                                          232,217
3811  3810  6,000   0              0   steal   131     41   18 steal_t130,dg_t130                                          226,217
3812  3811  6,000   3  YES    60,000   steal   132     44   17 steal_t130,dg_t130                                          220,217
4132  4131  6,000   1          6,000   steal    81     28   13 steal_t65                                                   213,898
4133  4132  6,000   0              0   steal    82     28   13 steal_t65                                                   207,898
4182  4181  6,000   0              0  attack   131     39   16 dg_t130                                                     201,850
4183  4182  6,000   1          6,000  attack   132     40   17 dg_t130                                                     195,850
4184  4183  6,000   0              0  attack   133     40   17 dg_t130                                                     189,850
4185  4184  6,000   0              0  attack   134     40   18 dg_t130                                                     183,850
4186  4185  6,000   3  YES    60,000  attack   135     43   17 dg_t130                          M15                        477,850
4266  4265  6,000   0              0  attack    80     19   10 early_s                                                     471,771
4267  4266  6,000   3  YES    60,000  attack    81     22    9 early_s                                                     465,771
4345  4344  6,000   2         12,000   steal    78     30   17 steal_t65                                                   459,694
4346  4345  6,000   0              0   steal    79     30   18 steal_t65                                                   453,694
4347  4346  6,000   1          6,000   steal    80     31   18 steal_t65                                                   447,694
4348  4347  6,000   0              0   steal    81     31   17 steal_t65                                                   441,694
4349  4348  6,000   0              0   steal    82     31   16 steal_t65                                                   435,694
4350  4349  6,000   1          6,000   steal    83     32   16 steal_t65                                                   429,694
4351  4350  6,000   0              0   steal    84     32   16 steal_t65                                                   423,694
4352  4351  6,000   0              0   steal    85     32   16 steal_t65                                                   417,694
4444  4443  6,000   0              0   steal    60     18    9 early_s                                                     411,603
4445  4444  6,000   0              0   steal    61     18   10 early_s                                                     405,603
4446  4445  6,000   0              0   steal    62     18   10 early_s                                                     399,603
4447  4446  6,000   0              0   steal    63     18   10 early_s                                                     393,603
4810  4809  6,000   3  YES    60,000  attack   130     40   21 dg_t130                                                     387,241
5151  5150  6,000   1          6,000   spins   135     38   11 dg_t130                                                     380,901
5152  5151  6,000   1          6,000   spins   136     39   11 dg_t130                                                     374,901
5153  5152  6,000   0              0   spins   137     39   11 dg_t130                                                     368,901
5154  5153  6,000   0              0   spins   138     39   11 dg_t130                                                     362,901
5155  5154  6,000   0              0   spins   139     39   12 dg_t130                                                     356,901
5158  5157  6,000   1          6,000   spins   142     40   16 dg_t130                                                     350,899
5160  5159  6,000   1          6,000   spins   144     41   15 dg_t130                                                     344,898
5161  5160  6,000   0              0   spins   145     41   15 dg_t130                                                     338,898
5162  5161  6,000   1          6,000   spins   146     42   16 dg_t130                                                     332,898
5163  5162  6,000   1          6,000   spins   147     43   16 dg_t130                                                     326,898
5164  5163  6,000   0              0   spins   148     43   15 dg_t130                                                     320,898
5165  5164  6,000   0              0   spins   149     43   16 dg_t130                                                     314,898
5166  5165  6,000   1          6,000   steal   150     44   16 steal_t130,dg_t130                                          308,898
5167  5166  6,000   0              0   steal   151     44   15 steal_t130,dg_t130                                          302,898
5168  5167  6,000   0              0  attack   152     44   16 dg_t130                                                     296,898
5169  5168  6,000   3  YES    60,000  attack   153     47   17 dg_t130                          M16                        640,898
5421  5420  6,000   0              0  shield   130     38   17 dg_t130                                                     634,647
5422  5421  6,000   0              0   steal   131     38   20 steal_t130,dg_t130                                          628,647
5423  5422  6,000   0              0  attack   132     38   21 dg_t130                                                     622,647
5424  5423  6,000   0              0  attack   133     38   21 dg_t130                                                     616,647
5425  5424  6,000   0              0  attack   134     38   20 dg_t130                                                     610,647
5426  5425  6,000   0              0  attack   135     38   19 dg_t130                                                     604,647
5431  5430  6,000   3  YES    60,000   steal   140     41   16 steal_t130,dg_t130                                          598,643
5491  5490  6,000   0              0  shield    60     15   10 early_s                                                     592,584
5932  5931  6,000   3  YES    60,000   steal   134     39   19 steal_t130,dg_t130                                          586,144
6190  6189  6,000   2         12,000   steal    65     26   18 steal_t65                                                   579,887
6191  6190  6,000   0              0   steal    66     26   18 steal_t65                                                   573,887
6193  6192  6,000   0              0   steal    68     26   21 steal_t65                                                   567,886
6194  6193  6,000   0              0   steal    69     26   19 steal_t65                                                   561,886
6195  6194  6,000   0              0   steal    70     26   18 steal_t65                                                   555,886
6196  6195  6,000   0              0   steal    71     26   18 steal_t65                                                   549,886
6197  6196  6,000   2         12,000   steal    72     28   18 steal_t65                                                   543,886
6198  6197  6,000   2         12,000   steal    73     30   18 steal_t65                                                   537,886
6199  6198  6,000   1          6,000   steal    74     31   18 steal_t65                                                   531,886
6200  6199  6,000   0              0   steal    75     31   18 steal_t65                                                   525,886
6201  6200  6,000   0              0   steal    76     31   18 steal_t65                                                   519,886
6396  6395  6,000   0              0  attack    69     15    9 early_s                                                     513,692
6397  6396  6,000   0              0  attack    70     15   10 early_s                                                     507,692
